
    32   
    0    -0.9699350436	    0.04040732272
    1    0.9599966463	    0.07226080315
    2    -0.9170631143	    0.1302744402
    3    0.847663724	    0.3194812169
    4    -0.5164402643	    0.6543057671
    5    0.9512700453	    0.09326370557
    6    -0.9450592638	    0.08526644651
    7    0.9767470729	    0.02564784381
    8    -0.8574131928	    0.2921028874
    9    0.9244362091	    0.1747471867
    10   -0.9629766731	    0.05055507702
    11   0.8336400261	    0.290233374
    12   -0.8802741641	    0.1922838654
    13   0.7205369356	    0.3449630875
    14   -0.8983968543	    0.1989738174
    15   0.8373315524	    0.2308139255
    16   -0.8543937045	    0.2590029277
    17   0.846256275	    0.1944202246
    18   -0.8377541567	    0.280135609
    19   0.6470709847	    0.4375884068
    20   -0.7592957204	    0.3204331335
    21   0.8187403558	    0.3116132552
    22   -0.77587374	    0.3890762416
    23   0.7358942262	    0.4155018288
    24   -0.7557442434	    0.3676300345
    25   0.8290636844	    0.3083694441
    26   -0.8294008174	    0.3097621227
    27   0.9571967923	    0.09318822772
    28   -0.9599617634	    0.04842750446
    29   0.960368291	    0.05481429776
    30   -0.9580794481	    0.107304559
    31   0.9426323253	    0.1574751915
    32   0.9490994836	    0.09273982559
    33   -0.8069630871	    0.2982756672
    34   0.8820186966	    0.2824133534
    35   -0.6494427903	    0.4161728959
    36   0.7805948529	    0.4452299014
    37   -0.9447669896	    0.1518157914
    38   0.9503710931	    0.06757999581
    39   -0.944181623	    0.1179950545
    40   0.9275801213	    0.1012164596
    41   -0.9104089435	    0.160985732
    42   0.8842490658	    0.1626753749
    43   -0.7366028998	    0.3438286523
    44   0.7188094103	    0.386069264
    45   -0.6955599785	    0.3483116453
    46   0.7606688405	    0.3165586543
    47   -0.9057142341	    0.1461309336
    48   0.8673609371	    0.1652379852
    49   -0.9232482933	    0.1248715117
    50   0.8642551118	    0.2271808631
    51   -0.7930486177	    0.3328017719
    52   0.6947315116	    0.3869441835
    53   -0.7248185738	    0.4179305364
    54   0.7650404432	    0.3773384774
    55   -0.7081201041	    0.3846407482
    56   0.8666659654	    0.2861903454
    57   -0.7630288802	    0.3332914553
    58   0.9017495694	    0.2153299227
    59   -0.9366530838	    0.1220852974
    60   0.921954486	    0.1772231565
    61   -0.9333724375	    0.1688727089
    62   0.9816457758	    0.02290207966
    63   -0.9676307757	    0.06493391756
    64   -0.9131070766	    0.1258465976
    65   0.8466010389	    0.2844583667
    66   -0.7399548862	    0.404866435
    67   0.8446667604	    0.2465331873
    68   -0.5979253444	    0.5334811515
    69   0.8731255358	    0.1971895133
    70   -0.933981432	    0.0846222474
    71   0.9156660497	    0.1841815235
    72   -0.9560598136	    0.07293343669
    73   0.8329895902	    0.2248557438
    74   -0.5990709344	    0.4074060211
    75   0.4933230061	    0.4012021137
    76   -0.5413803375	    0.393188156
    77   0.6041229465	    0.3757474438
    78   -0.7602351374	    0.3684406017
    79   0.8115614054	    0.299579411
    80   -0.7686121403	    0.3148650498
    81   0.8896587641	    0.1844509535
    82   -0.8588584749	    0.2421242511
    83   0.7981497612	    0.2808651865
    84   -0.5943364192	    0.4142422412
    85   0.6365321094	    0.4089922015
    86   -0.616476462	    0.3994369774
    87   0.6747762511	    0.3874298223
    88   -0.6833346145	    0.4208480678
    89   0.7689529308	    0.3289595944
    90   -0.8008852844	    0.2986408518
    91   0.9676077748	    0.03089548886
    92   -0.9832280345	    0.02321629719
    93   0.9823460875	    0.0131966414
    94   -0.93057402	    0.1180882422
    95   0.9628438272	    0.05522554835
    96   0.8966189746	    0.1458831015
    97   -0.6258799383	    0.3785614473
    98   0.8130119514	    0.3351197178
    99   -0.5321921689	    0.4159679239
    100  0.759265866	    0.2801904535
    101  -0.6911312108	    0.3215807565
    102  0.9321631027	    0.08562872784
    103  -0.8293654908	    0.2140032387
    104  0.6862749997	    0.3597852522
    105  -0.6814372846	    0.370981893
    106  0.5392168566	    0.4154080808
    107  -0.2610065798	    0.4357082627
    108  0.3739478779	    0.5712203223
    109  -0.4595727529	    0.566570921
    110  0.6369377496	    0.5056301132
    111  -0.6309384349	    0.4524942723
    112  0.7301213557	    0.3286569279
    113  -0.7195087212	    0.3002022924
    114  0.832314965	    0.2612415578
    115  -0.6846448976	    0.3238309042
    116  0.669761387	    0.3450484304
    117  -0.4407295966	    0.5732256805
    118  0.5165062733	    0.5850714921
    119  -0.5703258037	    0.4912987712
    120  0.8097104912	    0.3093454073
    121  -0.6513468321	    0.3998016564
    122  0.8151019587	    0.2001416097
    123  -0.7532416975	    0.3710791445
    124  0.8539540065	    0.2751834888
    125  -0.8424733096	    0.2510120744
    126  0.8967012286	    0.1391954508
    127  -0.9081983163	    0.1257988096
    128  -0.4730741868	    0.5773139709
    129  0.5008569139	    0.5208117239
    130  -0.5322650704	    0.453949257
    131  0.646736163	    0.3369669586
    132  -0.1642359103	    0.564591988
    133  0.4788284214	    0.4334233074
    134  -0.4952450681	    0.4573638022
    135  0.6250496795	    0.3336744179
    136  -0.4739145025	    0.546853032
    137  0.483215707	    0.428814635
    138  -0.195251335	    0.5238134579
    139  0.1206040205	    0.4495839366
    140  -0.06360210233	    0.5179739694
    141  0.1913393213	    0.6291486706
    142  -0.4179829771	    0.5089904959
    143  0.5287896186	    0.4838977081
    144  -0.4426899944	    0.4293483573
    145  0.4874363116	    0.407295143
    146  -0.3087927637	    0.5456011901
    147  0.5079228783	    0.4194229155
    148  -0.4999692698	    0.5852687556
    149  0.458566371	    0.5425935284
    150  -0.5140399356	    0.6207391603
    151  0.7430942467	    0.4937126068
    152  -0.622024874	    0.4481112447
    153  0.6270741667	    0.4027373726
    154  -0.5095148478	    0.3982969892
    155  0.572869333	    0.4245930498
    156  -0.582223639	    0.4265696593
    157  0.6138095448	    0.410838002
    158  -0.6139109413	    0.3634994352
    159  0.7296044671	    0.3329819618
    160  0.3950961608	    0.7147374686
    161  -0.1587342598	    0.6972381302
    162  0.3217935522	    0.5563725007
    163  -0.239599577	    0.440125909
    164  0.4378600197	    0.4067700744
    165  -0.2987788231	    0.4113235095
    166  0.3434759077	    0.4368941801
    167  -0.2099702885	    0.5880345221
    168  0.3041938392	    0.537037794
    169  -0.1258397857	    0.5457376259
    170  0.04053525951	    0.4835545813
    171  0.2430912849	    0.6138675211
    172  0.01901366556	    0.5871436246
    173  0.1137281529	    0.6358309258
    174  0.1140659119	    0.6459772962
    175  0.1486500334	    0.5800190398
    176  0.125221566	    0.4226780428
    177  -0.05283355792	    0.3613112818
    178  0.04513820284	    0.4919072169
    179  0.0175558689	    0.4674591448
    180  0.2212687813	    0.604500444
    181  -0.1182119255	    0.4761240931
    182  0.3156443355	    0.4606996625
    183  -0.3214687099	    0.5070787842
    184  0.4515173305	    0.5578216422
    185  -0.3003295619	    0.4259071343
    186  0.3420525319	    0.5055520399
    187  -0.3383334345	    0.436975852
    188  0.4587605985	    0.3885630943
    189  -0.1880773655	    0.6067684834
    190  0.4829011542	    0.3548878827
    191  -0.4282477132	    0.379663294
    192  0.006758245433	    0.564074494
    193  0.1379731132	    0.694704294
    194  -0.001015621007	    0.5762114969
    195  0.4264942341	    0.3386399586
    196  -0.2235098977	    0.3596670909
    197  0.2223743642	    0.3879146342
    198  -0.1763006064	    0.440450071
    199  0.2595518674	    0.3382206934
    200  -0.02746738785	    0.3507340869
    201  0.181644257	    0.3964605225
    202  0.1937864398	    0.529086339
    203  -0.02125073326	    0.6170105183
    204  0.4959772716	    0.450837074
    205  -0.3689118142	    0.6534976427
    206  0.3773863245	    0.5921503919
    207  -0.2163622592	    0.4929942806
    208  0.3222487258	    0.4735204525
    209  -0.2757829717	    0.3605041179
    210  0.2978870665	    0.4748047054
    211  -0.128760533	    0.4833030944
    212  0.1518205069	    0.4859318045
    213  -0.2075320469	    0.5474984153
    214  0.1125283321	    0.5622065001
    215  0.1132518656	    0.5371047715
    216  -0.02172504477	    0.5616474065
    217  0.08803751609	    0.4729202354
    218  0.07415369853	    0.4845100431
    219  0.2221179	    0.4663609328
    220  -0.07485590007	    0.3480843533
    221  0.02207274787	    0.5970384657
    222  -0.1306212029	    0.586947059
    223  0.3493377534	    0.5276790311
    224  0.1059248231	    0.6905735945
    225  0.1009591237	    0.5574933578
    226  0.08275702116	    0.617097295
    227  -0.0194228774	    0.5017291053
    228  0.163264396	    0.526542571
    229  -0.1114312663	    0.4307822153
    230  0.1311674267	    0.3740000698
    231  0.05887785087	    0.430820604
    232  0.02082251858	    0.2955252982
    233  0.2419808328	    0.2485872405
    234  -0.3942291888	    0.5108395055
    235  0.6720786631	    0.3764185033
    236  -0.5792688114	    0.4224940162
    237  0.6921487628	    0.4167786067
    238  -0.4831998128	    0.6258210342
    239  0.6710317906	    0.4934451531
    240  -0.5426629982	    0.4880939901
    241  0.6692128501	    0.3405766535
    242  -0.5477839276	    0.4194776123
    243  0.4872686461	    0.5716534366
    244  -0.3635098443	    0.4306041152
    245  0.444728207	    0.4144884378
    246  -0.2386086574	    0.6358891319
    247  0.3107100384	    0.6091986806
    248  -0.2995449273	    0.6428883576
    249  0.5087765788	    0.4652751938
    250  -0.2266543541	    0.3527302054
    251  0.2046604849	    0.288205404
    252  -0.06807906921	    0.2966263221
    253  0.2199160043	    0.5482308415
    254  0.08661144023	    0.6190688201
    255  -0.1729102136	    0.5189327303
    256  0.04310727485	    0.6791974775
    257  0.1709412595	    0.6298181025
    258  0.1666651299	    0.5496589109
    259  0.01435047888	    0.5911597307
    260  0.009147847913	    0.5121554878
    261  0.1100788592	    0.5307445115
    262  0.07562729344	    0.356967557
    263  -0.123623691	    0.287974615
    264  0.1048574783	    0.3208469078
    265  -0.06145667236	    0.4177184174
    266  0.4960270191	    0.4459871591
    267  -0.4439875365	    0.4501150366
    268  0.7690079361	    0.4040115595
    269  -0.7196844786	    0.3520311922
    270  0.7606559003	    0.3329286402
    271  -0.6137450337	    0.3964021368
    272  0.8664124889	    0.1926193278
    273  -0.7248445964	    0.3548297146
    274  0.757489819	    0.3175847746
    275  -0.6310627905	    0.392897724
    276  0.6336004441	    0.3708627108
    277  -0.5767891427	    0.4961802792
    278  0.4640740862	    0.5079695271
    279  -0.5119319357	    0.6039897086
    280  0.6674806342	    0.487126842
    281  -0.7544062906	    0.3261019646
    282  0.7548703905	    0.2631329048
    283  -0.5068352204	    0.3692584731
    284  0.4736843064	    0.398899128
    285  -0.4100016338	    0.4685361356
    286  0.2383878656	    0.512695908
    287  0.02246940219	    0.6328123804
    288  0.1527659673	    0.7604539155
    289  0.04635524933	    0.6593159468
    290  0.09286451928	    0.5318615588
    291  0.1644225755	    0.5508035762
    292  0.02771612261	    0.5828199076
    293  0.01763505705	    0.4793757201
    294  -0.003789129747	    0.3399790122
    295  0.07389529121	    0.3008422935
    296  -0.1082001318	    0.3383132968
    297  0.332142834	    0.4019188398
    298  -0.2369787233	    0.567935943
    299  0.7216409154	    0.3931452733
    300  -0.7738706474	    0.2523421393
    301  0.911135101	    0.1506984806
    302  -0.818927986	    0.2465426069
    303  0.8232998455	    0.265253216
    304  -0.8924560121	    0.1902593269
    305  0.9480412644	    0.08522576103
    306  -0.83701433	    0.2636964388
    307  0.8320613319	    0.2435809167
    308  -0.7265924385	    0.3123564297
    309  0.6663057683	    0.4523322763
    310  -0.6547409606	    0.5235226727
    311  0.7546253515	    0.3632190526
    312  -0.7780007458	    0.3837406217
    313  0.8516691651	    0.2785966941
    314  -0.8497278676	    0.2067714674
    315  0.7839437289	    0.3261815159
    316  -0.6602635162	    0.3973361311
    317  0.5797043287	    0.4215099082
    318  -0.1966097509	    0.579316672
    319  0.1317448072	    0.739349469
    320  0.03132240543	    0.7594952412
    321  0.2596141217	    0.5904964523
    322  -0.1347923859	    0.5899691469
    323  0.0687538072	    0.5611460783
    324  0.04121765233	    0.3653456195
    325  -0.1499347853	    0.360337833
    326  0.1599267735	    0.2778267776
    327  -0.1553306011	    0.2627388785
    328  0.1944509516	    0.3920395302
    329  -0.2846800804	    0.4404078577
    330  0.6225329781	    0.3931077077
    331  -0.7138816586	    0.369809037
    332  0.909635353	    0.1585376291
    333  -0.8299848149	    0.2908698104
    334  0.9041973695	    0.2492526384
    335  -0.9521616365	    0.07375954846
    336  0.8742820471	    0.2123766465
    337  -0.890111652	    0.2426524233
    338  0.8830554559	    0.2002068913
    339  -0.8720517646	    0.2184368877
    340  0.7640104944	    0.2908308853
    341  -0.7307041615	    0.3401793385
    342  0.8194343475	    0.27321007
    343  -0.8480963677	    0.2249537122
    344  0.9082122769	    0.2048781395
    345  -0.7997602305	    0.3238102314
    346  0.8401556774	    0.3166063271
    347  -0.7578333857	    0.3879028555
    348  0.7827888508	    0.3198796048
    349  -0.6939836346	    0.3345329949
    350  0.6344129918	    0.4127651558
    351  -0.1665029118	    0.7050371819
    352  -0.1939708799	    0.7139931368
    353  0.1039212367	    0.4964893025
    354  -0.170736991	    0.5579603572
    355  0.1646206586	    0.4740045981
    356  -0.2558961407	    0.4161620322
    357  0.208200613	    0.4144263389
    358  -0.1693585129	    0.3209160172
    359  0.3711084248	    0.4008423715
    360  -0.2356167666	    0.4536943883
    361  0.616156606	    0.3679426793
    362  -0.5499473681	    0.3582572962
    363  0.8918497421	    0.1597818971
    364  -0.8880785429	    0.1636985346
    365  0.9064990852	    0.1928868569
    366  -0.8725505804	    0.2102542359
    367  0.8101941822	    0.2454189263
    368  -0.6793045856	    0.3671680774
    369  0.8008717026	    0.2695262267
    370  -0.7595571551	    0.2942339301
    371  0.8284393987	    0.191356148
    372  -0.7801570798	    0.2993995493
    373  0.8446794518	    0.2482581713
    374  -0.7518308632	    0.3258371349
    375  0.8888034625	    0.2148931042
    376  -0.8094960235	    0.3092176509
    377  0.8951453033	    0.2285605271
    378  -0.8962338636	    0.2112184895
    379  0.9191412037	    0.1520846448
    380  -0.9183292399	    0.1521513847
    381  0.9333591865	    0.07287264786
    382  -0.6671392305	    0.3971649525
    383  0.1845565611	    0.7035335761
    384  0.363663997	    0.5615838884
    385  -0.3540892426	    0.4203049084
    386  0.3275020942	    0.534061667
    387  -0.3114618933	    0.4060411894
    388  0.2963979034	    0.5011274058
    389  -0.2301422786	    0.5751829815
    390  0.1927230853	    0.3347662434
    391  -0.1839016527	    0.3701859433
    392  0.5610792929	    0.393830862
    393  -0.4962969726	    0.4462043108
    394  0.6044563633	    0.3666608105
    395  -0.6192806556	    0.4280785704
    396  0.7469750894	    0.3427773672
    397  -0.7269488507	    0.3735586629
    398  0.7408307918	    0.2754155092
    399  -0.5376949266	    0.4459948899
    400  0.6691651929	    0.3405764759
    401  -0.4792600289	    0.5208110936
    402  0.6576047294	    0.4787725509
    403  -0.7241320986	    0.3491843752
    404  0.908041191	    0.1092588628
    405  -0.8175486537	    0.2679332841
    406  0.7858948322	    0.4263859467
    407  -0.6921602745	    0.430418655
    408  0.8681961335	    0.2213955891
    409  -0.8416455843	    0.2352238289
    410  0.9332461395	    0.1276610206
    411  -0.9144200417	    0.1692138982
    412  0.9498448577	    0.08647909427
    413  -0.8225211904	    0.2795156593
    414  0.5754468511	    0.430826681
    415  -0.3075853038	    0.6057611974
    416  -0.6243116555	    0.4710716458
    417  0.6225457027	    0.4517070214
    418  -0.5936651609	    0.4585306737
    419  0.4687375116	    0.6176737403
    420  -0.3781792866	    0.5026688577
    421  0.3453281892	    0.4971484529
    422  -0.2874746004	    0.3876388151
    423  0.4351968323	    0.3969165432
    424  -0.2728267224	    0.5229516109
    425  0.4573716374	    0.5352306409
    426  -0.4029920027	    0.5035887703
    427  0.5191828715	    0.4542971642
    428  -0.5537086193	    0.4282240647
    429  0.5679395281	    0.3334501522
    430  -0.2684463087	    0.3831635522
    431  0.3360886264	    0.4445541382
    432  -0.1600780725	    0.4831240218
    433  0.3129915046	    0.4996303115
    434  -0.3937829252	    0.4825441024
    435  0.559963328	    0.4472955413
    436  -0.7662938641	    0.3152625972
    437  0.86561828	    0.2600102714
    438  -0.853868303	    0.2690259646
    439  0.8264741177	    0.3703712473
    440  -0.912568519	    0.1578020068
    441  0.8253148589	    0.2569335843
    442  -0.9054681365	    0.2084353745
    443  0.9726088557	    0.038527581
    444  -0.8781947013	    0.2013636318
    445  0.8245823127	    0.2387974352
    446  -0.7436717695	    0.3384674637
    447  0.6035694202	    0.4035313896
    448  0.683399043	    0.4201605061
    449  -0.676197518	    0.4384860916
    450  0.5433301517	    0.4023961222
    451  -0.5469273069	    0.414381274
    452  0.4069321841	    0.4492748809
    453  -0.3471444908	    0.4842393514
    454  0.415201806	    0.4836674407
    455  -0.3282149775	    0.5434312557
    456  0.4445627353	    0.5451614291
    457  -0.2813774636	    0.5132304029
    458  0.3621357626	    0.5075900764
    459  -0.3815121847	    0.5530650463
    460  0.4690920581	    0.488327706
    461  -0.3507327127	    0.4222408301
    462  0.2132591295	    0.4182183201
    463  -0.05422665934	    0.3627008004
    464  0.0567116681	    0.5086913511
    465  -0.1045802435	    0.4438122967
    466  0.2404707819	    0.5762295395
    467  -0.5000439628	    0.5105357251
    468  0.7483692352	    0.4454077037
    469  -0.8774662474	    0.2406864887
    470  0.729970695	    0.4152324973
    471  -0.5851579808	    0.5020179915
    472  0.7540186531	    0.3678160163
    473  -0.8123643006	    0.3257906924
    474  0.8116542668	    0.2316616496
    475  -0.8174217849	    0.2724384346
    476  0.8363559081	    0.2540973706
    477  -0.7141217157	    0.3616049237
    478  0.7435582844	    0.3217475831
    479  -0.7489785299	    0.3539472322
    480  -0.6206733786	    0.4822320671
    481  0.6014791044	    0.427769309
    482  -0.5595227376	    0.4940568359
    483  0.4991430335	    0.3818682423
    484  -0.4162054958	    0.4587450963
    485  0.4004976119	    0.436023823
    486  -0.346448356	    0.4460740989
    487  0.3646814194	    0.4690838309
    488  -0.5197456276	    0.4574016232
    489  0.3647284377	    0.6433126011
    490  -0.4022200185	    0.5174114211
    491  0.4735846143	    0.5084033105
    492  -0.4240051339	    0.452955694
    493  0.2661624131	    0.330173154
    494  -0.04656285549	    0.3256378967
    495  -0.03225353869	    0.2482124925
    496  0.1378127656	    0.3906876711
    497  -0.1675359357	    0.4026620494
    498  -0.0346136091	    0.437958258
    499  0.3229535498	    0.4463082076
    500  -0.666713783	    0.4261479322
    501  0.7329217131	    0.4017287362
    502  -0.6019139423	    0.4241332447
    503  0.5220097448	    0.6369776418
    504  -0.4974432341	    0.486370426
    505  0.7740359653	    0.3117641718
    506  -0.8676256855	    0.1944721655
    507  0.9198750241	    0.1010574858
    508  -0.8821119515	    0.1483535156
    509  0.7687635501	    0.3877002125
    510  -0.6814933205	    0.4516346605
    511  0.6306472364	    0.4213050802
    512  0.6706478282	    0.4185341747
    513  -0.588526377	    0.4344756784
    514  0.3776833882	    0.5742643273
    515  -0.6122780265	    0.487031615
    516  0.5890142723	    0.4295654462
    517  -0.5832322843	    0.4023523889
    518  0.5211595922	    0.4890126454
    519  -0.6143670594	    0.4289321473
    520  0.5526462265	    0.4860259892
    521  -0.6453635125	    0.4251695963
    522  0.4547972326	    0.5195071882
    523  -0.3501208271	    0.5295336027
    524  0.4580108183	    0.5266904295
    525  -0.2927968138	    0.3733367371
    526  -0.02622099882	    0.1129733601
    527  0.1217554213	    0.3082353096
    528  -0.1735583303	    0.3659290907
    529  0.1796984648	    0.3864621442
    530  -0.1174938322	    0.3350017731
    531  -0.1104463242	    0.5392042785
    532  0.3830996935	    0.4210546767
    533  -0.5542740516	    0.428675918
    534  0.4723459901	    0.5920007119
    535  -0.2673594707	    0.6995890658
    536  0.405987385	    0.5760711224
    537  -0.7111406303	    0.3190287198
    538  0.9641262593	    0.06389499608
    539  -0.827369563	    0.2205843346
    540  0.815898225	    0.2980925361
    541  -0.6329118862	    0.4878100991
    542  0.6428947017	    0.4228512082
    543  -0.6882652777	    0.4330519826
    544  -0.6914320422	    0.4272388275
    545  0.5095022798	    0.4425056614
    546  -0.5600687736	    0.4941529018
    547  0.4961655031	    0.4389408477
    548  -0.8913186555	    0.2382532742
    549  0.7697935812	    0.3581363647
    550  -0.7678424577	    0.3327066713
    551  0.4617431538	    0.4768789794
    552  -0.6858932206	    0.4030520453
    553  0.3563543394	    0.4649080377
    554  -0.5391455478	    0.4207599388
    555  0.3820045975	    0.4681147397
    556  -0.3918396848	    0.4299897828
    557  0.2217994366	    0.3127588434
    558  -0.1268814134	    0.2562462798
    559  -0.1258369627	    0.3129563155
    560  0.25402845	    0.3891010681
    561  -0.2167873719	    0.4092334041
    562  0.2285683951	    0.4289544176
    563  -0.2402896908	    0.4342006911
    564  0.06955684754	    0.4906696113
    565  0.09215842598	    0.5863154223
    566  -0.1758955327	    0.62467893
    567  0.25202753	    0.6563645184
    568  -0.4734046659	    0.5183858429
    569  0.6831773076	    0.4019964277
    570  -0.8884769022	    0.1574123941
    571  0.8845107437	    0.2545162626
    572  -0.8898545892	    0.2094160507
    573  0.8364525713	    0.2409453717
    574  -0.7547927491	    0.3519166301
    575  0.6776408277	    0.419388479
    576  0.6846037909	    0.3632701074
    577  -0.6841002183	    0.3535259929
    578  0.4887182609	    0.4354156095
    579  -0.7343218286	    0.3204627592
    580  0.756826507	    0.3609623072
    581  -0.8596161594	    0.2556170674
    582  0.7261547587	    0.4111010928
    583  -0.754825375	    0.3837792172
    584  0.6287541498	    0.4221952393
    585  -0.7321948004	    0.3640822759
    586  0.4758761545	    0.4237476524
    587  -0.6064333365	    0.4205480937
    588  0.4127937417	    0.4388498009
    589  -0.1419704292	    0.2849385595
    590  0.01990850586	    0.1369336711
    591  0.08320846312	    0.2552811554
    592  -0.1294273275	    0.3554103098
    593  0.1097798957	    0.3772538267
    594  -0.1471735994	    0.3658314989
    595  0.09611738321	    0.3272217146
    596  -0.1162453175	    0.3745015216
    597  0.08574473698	    0.5352329201
    598  -0.08814076815	    0.5979132818
    599  0.2202445212	    0.7021413243
    600  -0.004894615461	    0.7661998531
    601  -0.4507952622	    0.5054137759
    602  0.6790958721	    0.3157538284
    603  -0.8509793695	    0.1719432575
    604  0.9011455219	    0.1088931923
    605  -0.9387048017	    0.09753853371
    606  0.9078614049	    0.1874794549
    607  -0.861066471	    0.2228314713
    608  -0.8836442409	    0.1709879265
    609  0.5464854773	    0.3855919444
    610  -0.6301534532	    0.3823032062
    611  0.5972702831	    0.4119972756
    612  -0.8552128958	    0.2063691598
    613  0.7205209725	    0.2843184976
    614  -0.8650695711	    0.2543057037
    615  0.7528617687	    0.4048325142
    616  -0.8590160088	    0.1986830293
    617  0.6039305693	    0.4363366609
    618  -0.7426540025	    0.3617686491
    619  0.6088917344	    0.3944930603
    620  -0.4745809747	    0.4326129234
    621  0.09844428945	    0.2392119731
    622  -0.1103615002	    0.3190379009
    623  -0.07964709278	    0.2600291432
    624  0.08163846974	    0.2754356952
    625  -0.08589478489	    0.2591421726
    626  0.03529737653	    0.126480511
    627  -0.08299010188	    0.1464595367
    628  0.05342315475	    0.2196654546
    629  -0.1142691638	    0.3236541615
    630  0.2461081808	    0.548343703
    631  -0.3462415478	    0.6623434527
    632  0.1112171904	    0.6517609886
    633  -0.01229251771	    0.5010177305
    634  -0.4954889827	    0.3795914174
    635  0.7105031453	    0.2922580753
    636  -0.7785845026	    0.3027162523
    637  0.845242716	    0.2070272897
    638  -0.8813283326	    0.1377991973
    639  0.7650332349	    0.2845295035
    640  0.7931902661	    0.3403089634
    641  -0.6553538282	    0.4070360318
    642  0.6413910305	    0.4009825676
    643  -0.8083851034	    0.3215197454
    644  0.6536502931	    0.3553891836
    645  -0.9192205517	    0.1782649526
    646  0.9114257937	    0.203347274
    647  -0.9027320975	    0.1912030496
    648  0.854723131	    0.2492110992
    649  -0.8969593654	    0.2380036053
    650  0.5949112613	    0.4694736396
    651  -0.7559823459	    0.3306174621
    652  0.4463785035	    0.46072431
    653  -0.2836950336	    0.3058672251
    654  0.002242290232	    0.3435473642
    655  -0.07614429907	    0.1686649372
    656  -0.0494048721	    0.284720964
    657  0.01794705616	    0.2215293276
    658  -0.1542387197	    0.3112470977
    659  0.1584195807	    0.3405990312
    660  -0.1807038198	    0.3525074538
    661  0.2620636047	    0.4052817628
    662  -0.3781877673	    0.5227102267
    663  0.3199998698	    0.5766614088
    664  -0.4291507712	    0.544227355
    665  0.07692136788	    0.4957613816
    666  0.2108189813	    0.3739007334
    667  -0.587344768	    0.4018878895
    668  0.6666392994	    0.3131392197
    669  -0.8084166424	    0.2538158674
    670  0.8006852763	    0.3194024844
    671  -0.9097043714	    0.1716695804
    672  -0.8328630786	    0.208974158
    673  0.7647006925	    0.3412950743
    674  -0.8770594726	    0.2176949844
    675  0.7456604904	    0.3140808545
    676  -0.8152479221	    0.3249348239
    677  0.8808817881	    0.1865914825
    678  -0.8737199383	    0.1944250358
    679  0.804600871	    0.2122538183
    680  -0.9268494222	    0.199681097
    681  0.7702569853	    0.3010281358
    682  -0.7779413422	    0.3210113759
    683  0.574564907	    0.3934829333
    684  -0.6358880718	    0.3212124188
    685  0.1989196388	    0.2352370284
    686  -0.09642035917	    0.4751501136
    687  -0.02331994311	    0.2686239924
    688  -0.01825970094	    0.2903834924
    689  -0.1261508268	    0.3699036495
    690  0.1165021471	    0.3938545246
    691  -0.2179463802	    0.3627805789
    692  0.1667077329	    0.3636883558
    693  -0.2534417527	    0.3763864363
    694  0.3758376083	    0.5132651803
    695  -0.3978532802	    0.5615434788
    696  0.2499922292	    0.5671187481
    697  -0.1892917855	    0.3354787272
    698  -0.1077721726	    0.419184608
    699  0.4755199908	    0.3508610931
    700  -0.7305386581	    0.2669814367
    701  0.8372402628	    0.2742324148
    702  -0.9074075394	    0.1323251608
    703  0.9174693523	    0.1140916596
    704  0.8660867093	    0.2313971388
    705  -0.9575378484	    0.06509885095
    706  0.8808670328	    0.2477888473
    707  -0.8717208615	    0.2465177374
    708  0.6565108468	    0.4229869958
    709  -0.8528778672	    0.2257793463
    710  0.8114167151	    0.2667423762
    711  -0.9035183845	    0.1917389185
    712  0.6775316979	    0.3585549225
    713  -0.7179373725	    0.3191390987
    714  0.595843601	    0.4825991414
    715  -0.6324016143	    0.397141804
    716  0.419102213	    0.4299585058
    717  -0.370562902	    0.3571629534
    718  0.1567100137	    0.3248779643
    719  -0.1976773451	    0.3057191005
    720  -0.03946340301	    0.4089521885
    721  0.06111864176	    0.4950948855
    722  -0.1691816793	    0.419120668
    723  0.2457175292	    0.3645694852
    724  -0.1937859872	    0.3577184662
    725  0.1520631921	    0.482360395
    726  -0.2784137521	    0.640297463
    727  0.3064616081	    0.4915793947
    728  -0.4160800685	    0.4263857872
    729  0.05481496887	    0.5654496871
    730  -0.006378772381	    0.4015103521
    731  -0.378763208	    0.4680102715
    732  0.5474710435	    0.514670666
    733  -0.6499162511	    0.453951034
    734  0.6739936597	    0.3515498283
    735  -0.8841581702	    0.2309862512
    736  -0.9265484864	    0.1965498049
    737  0.8125855629	    0.2911320155
    738  -0.8716290265	    0.23403603
    739  0.7346273912	    0.3611408094
    740  -0.6810737369	    0.4159408946
    741  0.6126535626	    0.4632495376
    742  -0.6298516393	    0.5251139099
    743  0.2905564526	    0.6968985671
    744  -0.1933249936	    0.7039938203
    745  0.1139902141	    0.6258705757
    746  -0.526506161	    0.4149375753
    747  0.2497020375	    0.4705022925
    748  -0.4307242325	    0.4053448851
    749  0.126788924	    0.3006788018
    750  -0.2652503094	    0.3919277817
    751  0.102663348	    0.4302075303
    752  0.06084263815	    0.4856675971
    753  -0.1796214651	    0.3006858653
    754  0.3023729471	    0.4259444485
    755  -0.29488438	    0.4078301532
    756  0.3225034557	    0.4129163984
    757  -0.401194268	    0.4391083462
    758  0.3472538756	    0.5077312214
    759  -0.4011951344	    0.5375446728
    760  0.2947402821	    0.4361940173
    761  -0.3679541014	    0.4375505353
    762  0.184259489	    0.2704277233
    763  -0.171362176	    0.4401675761
    764  -0.2137849615	    0.6031111877
    765  0.2984516557	    0.5765676525
    766  -0.557945751	    0.4839849875
    767  0.7991311013	    0.3752844671
    768  0.8447208843	    0.2575090716
    769  -0.8324936754	    0.263232068
    770  0.6648188135	    0.3826208403
    771  -0.8170281653	    0.2510181751
    772  0.405589853	    0.5210448685
    773  -0.5449993596	    0.4227255048
    774  0.3246293221	    0.6397973212
    775  -0.3513403218	    0.6230551823
    776  -0.1720099899	    0.6698690857
    777  -0.04572479977	    0.6357227059
    778  -0.1322350723	    0.5778426816
    779  -0.1862253552	    0.452426475
    780  -0.2309932786	    0.5532794542
    781  0.01406480129	    0.515043778
    782  -0.2699892714	    0.4182924812
    783  0.03526071733	    0.5877291547
    784  -0.4746615091	    0.4764555249
    785  0.386928682	    0.4102202852
    786  -0.514407815	    0.4283531163
    787  0.530437236	    0.422617204
    788  -0.6713499148	    0.3283213126
    789  0.5528661832	    0.4273392583
    790  -0.5720615721	    0.4652536717
    791  0.5518564513	    0.4568495117
    792  -0.5473623714	    0.4866849194
    793  0.4537583233	    0.4202930435
    794  -0.5332801368	    0.3728270599
    795  0.3069390446	    0.5352041293
    796  -0.3286149909	    0.5556916005
    797  -0.2009184934	    0.6834495562
    798  0.4048050113	    0.4031932332
    799  -0.6609033186	    0.4885854372
    800  -0.4988571955	    0.4484403339
    801  0.4933186943	    0.5133568187
    802  -0.64361198	    0.4032696098
    803  0.5070847238	    0.4557311187
    804  -0.4693387598	    0.6319555941
    805  0.2334041235	    0.60247475
    806  -0.2094438409	    0.6664486266
    807  -0.4436914726	    0.5331947666
    808  0.2520525424	    0.4818007413
    809  -0.4073902738	    0.5418002603
    810  0.2233587824	    0.5300832976
    811  -0.2761410434	    0.57400653
    812  0.1944197255	    0.5216567439
    813  -0.3760667619	    0.4599115863
    814  0.3814840595	    0.5496292234
    815  -0.4166277101	    0.4244810554
    816  0.4772440145	    0.5938845253
    817  -0.6945482648	    0.385850397
    818  0.8213578824	    0.3147737074
    819  -0.8613496135	    0.2467690043
    820  0.8399177855	    0.2159189814
    821  -0.806588703	    0.2531799852
    822  0.7856821145	    0.3041240324
    823  -0.7018028676	    0.3505129922
    824  0.5669846448	    0.3698173709
    825  -0.6822454873	    0.4738714127
    826  0.680413959	    0.3076533211
    827  -0.7490215784	    0.3169185343
    828  0.5425805232	    0.4806368157
    829  -0.2816653312	    0.3761546931
    830  -0.1453431744	    0.5524316673
    831  0.2046536505	    0.6121963091
    832  0.1048522375	    0.5192750702
    833  -0.3052411787	    0.4213647753
    834  0.05357960831	    0.3869496114
    835  -0.1710770461	    0.5140462641
    836  0.06383203558	    0.6368675645
    837  -0.1617518391	    0.6410996469
    838  -0.2289441702	    0.4902804124
    839  0.4356385123	    0.4300251749
    840  -0.8500257306	    0.2127605061
    841  0.5988136148	    0.5374692532
    842  -0.7091386819	    0.3786070993
    843  0.4130798259	    0.5234262847
    844  -0.4555029456	    0.5259180653
    845  0.501497526	    0.4074710736
    846  -0.6189424065	    0.3920214207
    847  0.6156855899	    0.4020633924
    848  -0.7865776446	    0.3069290922
    849  0.86903064	    0.270541714
    850  -0.8961163678	    0.1868493054
    851  0.9051178347	    0.1527147387
    852  -0.9342786988	    0.08579267234
    853  0.8691671914	    0.2366831033
    854  -0.8946893062	    0.2254337687
    855  0.8834068286	    0.1383538095
    856  -0.8837352674	    0.1612504328
    857  0.8942490582	    0.2046697645
    858  -0.8966857337	    0.2355186415
    859  0.9637531293	    0.05645413232
    860  -0.8845256696	    0.2298497115
    861  0.6281745076	    0.3878836744
    862  -0.5321182544	    0.3841691368
    863  0.2553348029	    0.5443051646
    864  0.2407722134	    0.3617284678
    865  -0.2420907274	    0.3414256419
    866  0.2577927096	    0.3538381861
    867  -0.421800558	    0.3691986942
    868  0.1883908283	    0.5550611767
    869  -0.3493761358	    0.6053177153
    870  0.3264934968	    0.5611703249
    871  -0.8440742893	    0.2508125909
    872  0.9162713199	    0.08116448442
    873  -0.9272740687	    0.1741529528
    874  0.591283701	    0.3584699969
    875  -0.6139932766	    0.3907524155
    876  0.5939602499	    0.3554674754
    877  -0.5921539938	    0.3846966152
    878  0.73383933	    0.3219495483
    879  -0.7728602343	    0.2864133766
    880  0.9211551571	    0.1197106451
    881  -0.9535206381	    0.06505622273
    882  0.8702729093	    0.2397794338
    883  -0.8847802837	    0.134201438
    884  0.8869860192	    0.1688269104
    885  -0.9727612182	    0.03412626956
    886  0.888566171	    0.1676429056
    887  -0.8770409036	    0.2391335395
    888  0.8616849073	    0.2651163401
    889  -0.9298992652	    0.1207650776
    890  0.9454046394	    0.09123923359
    891  -0.9665978174	    0.05314132361
    892  0.8481447394	    0.2525940779
    893  -0.7487048576	    0.3953195373
    894  0.7730507231	    0.354545959
    895  -0.6900844163	    0.3326543346
    896  -0.6106665657	    0.3762749209
    897  0.3583142695	    0.3415305424
    898  -0.4836798342	    0.4104382923
    899  0.5813084322	    0.3855494144
    900  -0.7282955818	    0.3365078533
    901  0.5695489283	    0.3972238872
    902  -0.8443212596	    0.1814469598
    903  0.8827572234	    0.160374365
    904  -0.9671364903	    0.03960210794
    905  0.8691962038	    0.2440813133
    906  -0.8753377639	    0.2256705305
    907  0.6543624219	    0.3679919714
    908  -0.7051058043	    0.35544653
    909  0.7176789144	    0.3552998094
    910  -0.9087343688	    0.2232637819
    911  0.9711861945	    0.0254799991
    912  -0.9483263613	    0.08984234327
    913  0.9434128459	    0.1620083107
    914  -0.909787704	    0.2361599131
    915  0.9256917497	    0.191771251
    916  -0.8533325342	    0.3984856328
    917  0.9318410165	    0.1428832504
    918  -0.9188331794	    0.1498328787
    919  0.8944653549	    0.2320113163
    920  -0.7832658722	    0.3642292042
    921  0.9483496481	    0.0951191394
    922  -0.9215678063	    0.1275601707
    923  0.8982779089	    0.1583683715
    924  -0.9402042746	    0.08339966721
    925  0.9305907854	    0.1534310868
    926  -0.930738229	    0.1293738133
    927  0.7192461109	    0.4626366962
    928  0.6319998043	    0.3802780052
    929  -0.7025879076	    0.3465869792
    930  0.629594804	    0.4093492526
    931  -0.7205175919	    0.3377833276
    932  0.7254396301	    0.2811915111
    933  -0.8274666831	    0.2888026246
    934  0.8590100637	    0.24492876
    935  -0.9763466751	    0.02528349197
    936  0.9202471041	    0.1671182868
    937  -0.9597837564	    0.07963571858
    938  0.7945591156	    0.3074361933
    939  -0.9253828374	    0.09611229799
    940  0.8331728945	    0.2326316976
    941  -0.9602828389	    0.07503725795
    942  0.9687488354	    0.05613410971
    943  -0.9796011895	    0.0125773465
    944  0.9687981361	    0.05361078017
    945  -0.9309219288	    0.1543231773
    946  0.943371704	    0.1464360646
    947  -0.7696229784	    0.3398077732
    948  0.9142285923	    0.1549513416
    949  -0.8987768988	    0.2131761407
    950  0.9599090075	    0.07188741949
    951  -0.9490906177	    0.09048685151
    952  0.9032653224	    0.1794134176
    953  -0.9079895174	    0.1997758062
    954  0.9445886271	    0.08861673686
    955  -0.945321462	    0.1125295004
    956  0.9078174595	    0.1833589817
    957  -0.9730963039	    0.05046822464
    958  0.9437749943	    0.1058623091
    959  -0.9198722339	    0.164913546
    960  -0.8457243722	    0.2606647399
    961  0.7425880748	    0.3639683308
    962  -0.7194168891	    0.3284272256
    963  0.7079791809	    0.391590813
    964  -0.7990687414	    0.3145190643
    965  0.8714672022	    0.2293264502
    966  -0.9272283476	    0.1869843608
    967  0.9567933199	    0.07950934539
    968  -0.9797821824	    0.02146832695
    969  0.7531615741	    0.3365950865
    970  -0.8952513453	    0.1880549702
    971  0.8523459965	    0.2403248205
    972  -0.883450327	    0.1903074838
    973  0.8713420751	    0.2588012605
    974  -0.9299489485	    0.1201241306
    975  0.9856730676	    0.009975835683
    976  -0.9355355916	    0.1567174758
    977  0.9504116555	    0.105621117
    978  -0.7905248725	    0.2741241015
    979  0.8008907821	    0.3422959716
    980  -0.8905761871	    0.2022665835
    981  0.9372505407	    0.1068857179
    982  -0.9339644298	    0.1013957944
    983  0.8777230982	    0.1987229996
    984  -0.791624681	    0.3183110182
    985  0.9334123333	    0.09852504655
    986  -0.9311380852	    0.1766153168
    987  0.9493869932	    0.08562218246
    988  -0.9200550828	    0.1978830652
    989  0.885036431	    0.2301805669
    990  -0.9826732695	    0.0233830433
    991  0.9083437601	    0.2018161737
    992  0.9348480702	    0.1395435448
    993  -0.8930102033	    0.1884155923
    994  0.7636898229	    0.3348825595
    995  -0.840560744	    0.2768579055
    996  0.7873164878	    0.3060033116
    997  -0.9449963233	    0.09340872475
    998  0.9069431659	    0.1444198729
    999  -0.9568683263	    0.08698158813
    1000 0.873277024	    0.2905384285
    1001 -0.952331345	    0.06315794003
    1002 0.9104578188	    0.21625581
    1003 -0.9222688456	    0.204659546
    1004 0.807609617	    0.3463407154
    1005 -0.9298970687	    0.1598671104
    1006 0.8410063541	    0.2498189151
    1007 -0.8898155182	    0.250771774
    1008 0.9085924358	    0.1514811242
    1009 -0.9369856137	    0.09551010883
    1010 0.8716129169	    0.2137007583
    1011 -0.7377371454	    0.3615558543
    1012 0.8552405473	    0.2309691945
    1013 -0.7869018795	    0.2840790674
    1014 0.9110114864	    0.2024907614
    1015 -0.7674321736	    0.3136531195
    1016 0.7702446371	    0.3570288458
    1017 -0.8292640355	    0.3192959975
    1018 0.9455230323	    0.1072914396
    1019 -0.9720649537	    0.04747368564
    1020 0.9292070915	    0.2206724299
    1021 -0.90859759	    0.1801465198
    1022 0.9804926795	    0.0151039251
    1023 -0.9568370963	    0.1101991737
    1024 